Accuracy:0.92
Precision:(0.9007936507936507, 0.92, 0.92)
recall:(0.9007936507936507, 0.92, 0.92)
f1:(0.9007936507936507, 0.92, 0.92)
auc:0.9007936507936508
0.027924776077270508